46235
40202
6644
10566
89323
44606
21085
7709
35868
67368
66836
36095
1382
10298
8012
52686
72870
25184
62274
20413
34014
97015
28782
87469
10144
39271
40636
79182
31237
61365
92211
22000
48252
47665
1131
67942
79084
55017
83693
43044
3408
67151
17992
67106
82092
69331
43700
5854
731
19057
52071
34540
30365
76661
96589
16189
19582
65093
25713
11331
82055
76783
6879
65143
59185
71760
77952
97915
59479
99618
78664
30116
46179
58690
76721
88898
84178
92436
36525
6964
71141
95837
13581
59902
18940
97134
99316
49760
92700
60818
16094
24357
60794
23289
28948
40500
76907
55550
11819
4794
11162
81904
69602
1729
45792
21454
7988
3633
60663
59592
33134
55339
17701
46732
18525
48375
84809
40837
81701
34838
17016
29688
94432
27476
43423
16866
95548
77072
46723
44697
5865
92137
77069
77823
80621
85719
85722
81599
10973
79277
57012
26924
95293
66612
77979
95993
31554
21873
45622
15450
33927
86269
88474
10020
57966
4650
19222
51743
61709
52522
20461
36899
55341
27497
50498
93153
66986
42051
2483
20305
92074
8780
43094
83126
50400
5151
98763
57802
49254
20663
58851
77438
12154
12109
55940
49233
88575
68810
46224
55906
36885
82941
53326
25020
36778
89469
99036
44898
90136
37922
75373
17849
86858
39432
1735
2676
51209
71911
54438
44721
12257
99869
1730
90426
30854
90296
80750
11482
89755
41759
31983
18873
37634
11778
49003
98122
33914
36383
89666
25198
96049
23993
4651
26017
30038
43955
66846
88480
36099
11562
52267
16039
9729
16591
80010
69284
94677
12119
75258
65747
56235
79014
83252
29520
69837
78593
51903
95708
18383
89503
8615
12137
62935
94783
65063
12139
16220
89474
86427
14572
86513
61219
25027
18502
92560
50758
6157
6039
25258
88640
46899
15399
51079
70655
49031
62528
43808
94448
27867
72904
6688
84731
25878
12460
839
19670
31408
2997
2788
29041
30604
53001
54052
20703
77154
45441
88697
94156
25234
77078
67960
19322
17435
39219
86785
59402
87691
24615
72796
6079
11294
58808
84160
3189
39595
68655
1021
34118
69915
4681
49788
36217
98757
10575
85676
38565
55883
84976
10770
97676
87190
95970
58398
39056
4639
49020
50929
36127
90815
9760
38424
45853
95964
26106
24767
24426
15870
56025
91607
6783
30973
81972
42600
98091
24588
42792
27733
60450
80068
23849
11011
63608
59060
45179
99088
30667
45550
83805
65871
20044
42048
49444
55949
95468
41069
26076
78675
33934
24718
76344
96737
27333
78743
45538
81949
21890
94148
81456
30797
71012
80169
46553
84289
26392
76165
8008
72897
34742
13410
78307
79019
42398
16048
19987
69251
17216
41221
23771
61091
5661
30022
65317
33295
8483
94883
1621
78007
66670
87881
96450
69754
5956
116
9987
84254
99788
18146
66110
48073
23217
30859
41715
11236
78340
93035
78172
88418
71669
78195
34916
32497
46806
62240
78372
88404
42971
6229
40882
89505
63462
14335
5307
93684
37630
93251
29787
99924
74226
54649
75111
68934
72313
64633
39553
8612
17290
62218
63025
74818
62063
22905
7713
30410
18013
48077
46044
57160
7452
71595
37271
7118
78935
16520
72409
21939
10563
39495
6755
32115
50042
10131
42088
5629
58691
7108
916
75830
44943
15651
25013
92346
21173
47871
7094
85561
54116
98518
25507
5702
27241
9067
93505
79872
38943
80051
29922
99422
63045
37698
13542
62320
59966
43917
99876
12492
23246
81044
81896
24953
84476
68898
23859
90824
4102
22869
4657
84327
96252
16247
64058
43576
19771
85241
20220
79344
62279
49608
43231
51342
84754
12803
81525
43580
71273
24898
24448
32719
81536
85128
5433
10648
62720
88175
85416
6540
41795
41377
26641
11554
80303
74861
12261
54528
91938
61433
34517
15698
27871
49648
16405
45975
67127
25270
22737
9371
59138
89917
53759
24830
2329
78355
92452
97236
61454
11895
84000
35866
15877
48424
34423
49325
68476
74833
16514
81727
14759
37705
84595
34804
43541
5884
88171
51764
54666
24687
41479
87177
63236
85326
6042
26154
67505
32087
34776
79818
69182
16451
37420
2219
8920
41910
25165
53863
51072
6791
85323
81210
28600
24151
56586
43682
35810
29751
92647
70548
78759
47766
38167
91994
51452
72132
12048
16417
83786
99985
18965
11711
8392
70194
51586
31054
20125
68644
21155
35960
42011
26045
14548
33529
7214
91575
55442
50720
9563
75858
41457
23406
55311
44635
8861
39732
38287
99779
55515
21874
37954
42378
92310
53797
22837
9956
31918
30571
26733
79004
2156
24721
15490
73612
24705
62527
68405
95812
76556
17860
99331
91171
5823
26206
14604
84793
52239
76125
68994
36955
57767
29356
36956
48251
33469
57706
29576
96590
24843
52374
22269
43614
13919
95982
40141
68687
47400
80374
53115
52330
61808
7329
44081
78721
60265
95326
13460
92234
4959
3359
49258
82908
67842
27405
17102
97222
78174
35559
29828
16989
65261
62740
86780
30038
73384
14139
22967
11688
83799
2327
95076
12681
32718
49566
51608
31657
59119
18355
77712
72049
29231
75885
31139
96762
23258
33970
51010
15867
85342
54025
40207
64569
62068
96905
63605
8958
70558
10088
55750
26728
26184
43028
63937
59796
11531
6271
22765
67839
73259
24571
21803
57081
32809
89904
13789
92705
47474
74728
27732
36989
64504
88222
78108
58967
33120
32800
27415
50160
87776
93899
67990
53183
79908
29229
63811
2654
45202
44676
19659
78489
64651
85792
50173
24974
12149
80822
6738
61029
87913
2417
86913
87223
10347
83099
73549
63086
42648
16689
73896
15417
15170
45250
61725
32547
55653
14554
36891
9144
62197
9553
86760
55797
92746
89525
30996
9908
66005
54176
22553
62474
46606
66140
17838
42455
49078
30624
95408
10153
78839
8728
12923
77085
11363
69075
13499
8487
51278
44239
36873
72708
41364
58452
25338
65202
58303
73197
12406
78975
17109
41186
41477
30501
46876
50619
9013
97691
93918
32111
22232
4943
44996
67671
49191
68132
90147
53902
34280
84624
93934
88636
42621
40432
53195
67760
53963
39140
60574
4940
11597
35854
43572
69173
26884
47981
18678
65963
25740
92184
9879
84824
3519
13244
65378
2772
88408
65924
7114
94019
78029
68680
24197
41387
64135
28324
86287
44126
47195
14143
36639
37594
16401
48965
72381
14110
16621
29366
56478
36917
25880
70275
83117
34393
47150
9308
21756
28471
75102
91865
38541
31004
23828
69906
93787
52782
27819
34180
29433
56132
79199
60736
90557
5098
28260
78237
79997
75835
96360
33175
59776
23185
29684
25062
86745
43870
27699
44165
32153
56543
31660
86849
18581
27199
29487
20571
37462
91596
78596
64310
85058
44147
32174
3811
32526
23812
63111
96694
86952
99296
95618
7129
64242
51348
11922
9990
93566
93702
28867
39749
12795
60145
42402
87087
86000
31278
75293
88343
67941
58129
86073
85312
85514
17164
75765
41471
93571
25360
46850
41638
78464
71404
318
32723
63479
74526
37587
94971
53728
57043
83217
84115
87046
31420
39764
39854
80865
49535
78820
65349
94997
72976
66109
98523
96987
92727
49323
27611
65807
91115
16074
93192
31289
18929
99343
38891
49586
70086
91075
91862
31875
41717
78391
63551
73996
22862
45355
72815
93570
53339
79735
92558
92398
7438
11770
69729
2805
60139
81598
16641
6212
97860
80916
36691
44389
50969
44367
75916
63986
59987
71946
38101
30049
4167
85273
64980
22757
60834
94521
71593
93692
89106
3564
66399
63079
22145
62985
62149
43397
18133
33476
22416
97766
27746
98631
98890
53584
98095
99849
33661
12948
78853
94337
4367
50310
80333
87557
86419
42421
44821
45961
91944
79644
23585
52279
47953
29259
83304
61913
62606
54194
83116
38587
70563
84001
19884
17844
1152
98432
66189
10606
81033
10792
7408
69366
93861
50861
13987
24228
77659
27187
72407
24934
70945
28970
22761
32037
46897
6704
3101
57187
77033
20924
14675
63243
48
15803
35903
66702
85421
17026
69863
86495
52673
18023
61499
41384
93149
64
89149
14561
39032
76074
49505
27778
37660
88432
20507
26075
44900
43007
43112
42553
18947
92255
18020
86459
41110
50411
61211
48144
41534
77598
17635
21667
27683
36977
15407
8095
61921
89401
33792
25714
82328
74933
87962
34167
87611
89145
61321
3277
55878
25449
50845
46995
44146
4090
84159
45252
62166
81839
71639
45345
42770
37363
95052
54162
65038
11351
40304
23941
86996
65846
2001
63797
2838
47146
38393
17326
93981
62911
64726
77935
27379
56246
59378
92101
58560
58482
15136
47372
8491
16284
26394
94492
54859
85473
11846
45265
45158
57360
65449
76792
25284
44176
15940
75972
15227
73536
16028
47431
15354
79157
50296
47895
37471
39919
32394
90424
21032
73148
49833
51538
59872
57384
96088
2518
61212
24987
9707
45418
70197
83618
67921
14022
62592
65195
14630
14516
97782
774
53661
30072
58763
51836
39674
97141
11391
80469
61799
24144
48375
10477
37395
50043
59860
13040
2090
76742
8804
82335
2123
4861
91382
21116
51623
67430
44216
51074
88099
32127
31120
10106
51017
85179
78636
33516
34434
194
42597
59227
56500
85272
24246
53920
22553
96950
17312
97192
57392
67757
30176
87677
88616
31081
28289
62671
80765
34895
15757
59700
60263
56511
36014
30652
54176
44025
2274
94146
95134
12888
63905
33799
43967
49393
73008
36784
26960
41546
20674
78126
96361
4003
8447
78055
48568
35140
78019
77541
85031
94310
88495
96871
90314
19678
93594
45599
33691
66326
60682
4806
91163
65377
43927
95111
79243
48327
87670
72617
5230
64789
37741
16027
23957
11910
61184
76012
11925
45981
61930
54829
1962
7401
89264
46496
53943
94320
59385
46977
84967
72598
42183
86890
85518
47907
70614
92886
6729
10378
67106
22787
10057
78046
57287
2538
85669
55626
6572
12983
36164
87729
85846
73519
20546
72531
843
92665
24764
45052
60239
41437
91807
11503
18290
87586
7475
82156
3693
39847
40451
70810
9825
98626
14609
3290
91242
89122
61782
50235
11266
90783
86037
42778
78970
79265
86896
66256
73959
39823
44791
2723
43782
30208
37812
46831
3919
12825
57591
43690
28388
31400
77543
47757
66563
72643
79008
49940
56354
15076
63016
12332
48100
16273
85809
73966
6388
28902
33842
86518
54215
95711
71789
61850
57691
56467
24041
68821
73598
53757
22906
93147
81265
86574
62755
76153
2723
83292
4873
27084
78637
31981
7864
48242
99745
78480
4072
29220
33077
54957
59942
91802
34111
21053
6229
29321
3455
77868
71616
93998
71889
89895
46881
5031
26845
86445
26047
14817
13106
31949
66728
44041
35834
9256
31722
24929
50340
56565
50359
71742
28981
67644
86409
81238
68266
81036
96028
11740
305
14725
74462
200
97375
63598
19867
21220
61355
11638
72888
78840
80588
21920
44002
16253
17341
62425
23928
78277
23933
66520
68168
99241
23227
21245
34803
34045
9905
42744
43967
67982
45395
38877
20491
94005
93068
53500
36234
15408
37977
44074
73594
21659
58457
2819
40984
80543
19588
57637
53332
35706
40547
99248
92948
56513
20219
58552
8093
97082
35329
68357
24804
96525
48928
49705
70764
69165
5307
40746
16256
30149
25082
67462
42440
42530
34302
39877
31389
94175
9046
57732
34085
10124
80922
56146
93603
7417
25160
62339
57106
99256
35061
10536
29005
13503
16725
58225
75709
56298
9040
26111
83567
50666
51512
90595
53593
22317
39724
15098
71651
4030
31171
51447
42591
37501
31134
70122
62272
6975
76228
24297
59277
32714
93815
33878
88015
99386
61279
4348
88979
70590
875
57918
48430
38448
9829
77234
33140
93649
4267
93364
6824
26050
51283
89307
39931
47604
64760
97324
49547
28983
31600
60552
16261
1192
33739
86550
51459
8141
70512
83315
65680
32265
62676
8099
58933
37808
86528
64385
67176
68759
26428
67351
38264
39634
85246
61327
7335
53300
40560
42422
68841
45880
50121
51287
26606
13534
99876
93631
47850
55193
65226
35523
49635
99726
15947
40492
1797
47587
75559
46425
5708
87202
31549
76592
7066
3879
35047
36990
48664
42697
24350
30453
36545
54520
59110
81465
69493
99918
82582
9177
42728
73836
71103
93662
37493
80570
65176
95114
95796
53311
85558
42717
55715
73272
13833
6055
56637
14607
42811
2831
99621
67508
37583
10313
19986
77722
61269
30177
33660
78462
71423
62526
87551
10945
62810
92107
25426
34802
72021
59159
71575
54924
74744
79807
78223
27538
66485
44307
69906
42245
77877
8918
81335
60809
72144
18954
92779
31535
41485
53615
15001
50813
7374
51399
80176
25249
5096
95866
13519
51366
40086
57421
3188
41455
35311
56202
49389
36520
44203
78401
73322
64005
47259
67904
84761
3153
95864
74878
76726
53910
36696
95523
93098
78320
34890
25094
20182
98457
15534
30683
95136
81970
49048
57541
76447
66458
17703
71237
44813
14454
61351
36102
17449
15877
49341
40837
52781
72370
75085
58493
989
19926
15950
43753
22215
28745
70380
13383
78404
66111
32296
5699
87926
39516
48231
14395
37599
13456
82318
20086
13586
7348
816
63976
81745
95298
62259
65708
88002
4153
98694
96732
77780
80324
7391
48553
60226
58322
92378
98217
74230
34047
51379
6410
62266
74251
94726
40643
41332
62021
39963
15559
89998
19734
55075
60760
89708
95704
22696
85892
63449
18390
27073
80551
1482
57978
30544
80399
69208
230
96722
54376
53327
74597
1797
11388
88622
58345
28706
47750
52264
60158
61667
83278
69454
34641
15718
59058
29622
50401
55332
17007
67611
80339
32845
34017
4019
94443
674
17931
34522
46574
59264
59834
78698
6717
98897
72998
35949
46441
71767
67289
57374
78921
7499
36872
23746
34950
70573
16471
46474
92572
86837
78609
83779
68947
73900
21580
80715
79751
55322
65709
80412
45242
30111
96397
43027
47231
80362
57854
6942
64229
44136
47075
45086
45252
17464
55338
6960
40019
83064
79264
79948
18014
24114
4972
17417
19399
65749
8774
27022
68773
14471
77249
97133
60910
23937
94200
20072
48576
95043
94560
74016
63959
14231
88635
79809
49912
2210
7220
94507
99059
77851
19062
91884
15721
24801
87236
83259
82089
66887
68634
33854
61957
73392
79921
85204
20871
20473
95683
89990
12864
8013
16476
7458
70679
95309
69407
77588
14550
95625
69948
45131
35153
24574
71885
79894
37977
68801
89552
4976
33508
38190
45894
47972
61752
52438
74020
79323
76102
44493
95717
45621
84980
88999
85392
45868
77318
91757
90856
6101
63740
82563
54070
52394
54522
60860
66573
19842
85708
83458
33385
85161
29808
16946
51816
71737
66451
15962
48330
85793
65797
40149
12552
8830
8062
34099
60797
57425
37768
88559
94310
29244
68736
57913
46144
12926
26467
11880
3237
36924
68695
19983
10727
46525
31428
21735
12176
88779
94932
33522
40266
47176
77631
10181
8719
53418
84294
99029
49217
78748
70920
96001
31828
7232
59528
40672
85128
12095
32506
97448
44839
30551
38582
82517
4863
70279
97384
40347
13971
90843
19495
91305
26568
83179
71486
20118
10040
24358
2703
46321
46276
37129
56163
10807
60211
12365
22492
40391
6944
17648
62527
23246
56429
1468
10720
41052
41049
39244
82321
65483
95683
49025
81180
40415
75998
29962
26387
38440
58273
6078
78232
10407
93123
128
5866
72647
1045
41935
80733
93493
98527
80287
66445
27366
91287
72566
63927
14385
73818
17834
65508
95846
89924
90597
91187
5383
29200
96918
25216
7176
13018
94356
61078
54105
81080
34961
54292
63353
37856
92434
53257
36690
69940
82175
49978
74082
46932
86015
41752
2715
49120
62043
20075
98041
89527
3473
9203
54579
97397
46473
62791
37418
44640
91240
22494
9326
71658
17205
98000
73914
69032
9617
77728
72119
265
33072
15722
74308
51249
58770
25910
55005
73
92976
17473
33072
44904
17325
33092
44633
63800
58006
32543
73995
36041
58983
21158
68622
70492
89188
98194
3765
87971
42919
52774
94309
38773
30171
30912
1325
9840
67426
37384
62091
92952
25175
24522
3419
91384
23636
53227
70229
79196
19747
64093
12781
3464
34698
58398
57935
11104
3832
44386
90771
84536
56890
61502
54414
52362
50188
73393
49026
88929
22901
68697
22320
56163
73152
28706
9796
74346
80928
73601
86940
48928
7448
56007
49265
49946
19155
86241
40646
99586
17058
68261
74908
76760
71456
81092
10953
50796
40474
9220
47813
43185
19582
37727
13882
59788
62468
40713
27545
8954
61789
31063
66232
55422
18652
57858
11491
95949
6586
47019
50832
24669
26031
39286
24840
95467
57994
34158
18400
312
3241
53420
40148
70666
1472
15246
23336
31801
20338
20272
74766
11480
9656
51432
53935
870
88402
70783
12840
26514
88663
48524
92706
54001
34347
22366
98125
42759
21054
36685
79330
45219
19876
64509
16381
94492
68897
76730
76884
16796
81158
81857
92813
83777
13595
93673
90826
44125
73619
7189
99846
68989
69962
955
13958
67081
12564
78747
13232
58907
98595
50138
67485
9735
56577
97153
96463
69663
40706
68123
24244
42302
89217
96024
4017
31581
57404
11438
73081
57487
70130
1259
34817
12957
65490
91994
58792
48783
94963
57763
87219
20734
4653
66906
37704
73636
98278
44461
39203
49093
88229
64947
43571
56884
12683
12829
71899
27675
67850
47851
74980
2100
44747
22745
83693
77429
22300
22180
77356
43152
19629
34072
61237
85483
48532
29027
32399
25084
84139
69673
66827
71192
65037
27172
36531
64286
16774
78019
85049
54139
9203
69516
80469
19404
74741
26517
62261
75333
79836
32994
16174
27616
73253
84213
28499
87156
2632
59642
86415
25970
9073
28409
99221
99058
13188
5934
69361
33228
18092
83282
34339
60537
32293
899
99400
85110
20345
79071
35877
90643
2903
43122
51068
18949
32868
11608
66355
13030
59007
96773
90662
43780
59224
32494
13451
90009
82939
22778
652
46092
7502
26843
5127
33989
27320
88876
5433
87165
28064
76003
40156
82690
79877
58194
324
87143
85789
60139
1904
57263
89159
1380
16183
52103
43009
86048
65750
82148
91008
1994
48822
37930
15063
74178
65265
54821
23314
40743
4368
66439
57479
57864
18903
32448
29955
72795
22900
91356
15910
98954
18650
4489
96809
58110
6050
99857
67435
45090
53527
57548
10284
23251
67960
23582
777
38759
80389
18625
26764
36779
95880
13898
97302
22538
37515
71496
5345
6829
67578
1492
96520
2095
85801
76000
44772
70747
46131
55852
19911
90975
45463
25593
97973
39017
28782
90535
37039
55941
19935
93165
56990
47090
6503
71603
39152
36378
67953
9008
77497
92515
53034
5663
4035
8395
56058
77143
68636
28556
10704
71549
79424
42410
8470
9759
29564
49736
63505
1060
92975
70674
33974
33755
83799
81488
36026
85113
22187
95877
48207
52520
5319
58371
85724
96280
48879
38512
85101
72872
30078
21992
23763
17067
13315
83610
98691
59250
8711
69683
97226
84307
55539
20334
34919
74287
7233
88674
97064
62480
14139
32363
99541
19017
19905
62864
53024
52384
24653
37204
14610
76462
4261
89943
10826
14166
29199
81416
60629
51302
53569
95990
92470
53238
86242
58283
52579
276
65439
46928
96475
84843
67286
13457
34032
31453
91584
63925
61089
4993
92005
84851
83928
3703
5844
96330
62773
65361
44138
46771
21541
1072
75588
43746
22381
92951
33276
19480
81762
53288
81895
74907
85788
68255
83720
7398
16851
32648
87031
18800
4052
26613
78973
40444
66608
98635
4031
31623
70362
20922
2561
59832
79061
69353
97659
12734
87909
72365
36268
35411
43209
32096
48700
12653
28060
23202
29441
73727
79851
98105
24363
87506
78144
93730
7110
65848
2754
97416
40927
87570
87535
38672
85307
73519
62279
57771
89449
45733
2291
89846
27106
11431
57702
73358
62297
64973
90569
44092
44785
92547
78777
92030
69567
32915
22920
64714
35180
10140
93392
83425
72443
80897
21920
85066
67907
60620
48272
54346
57595
92095
67258
73392
5422
29120
18058
55265
33812
67465
47182
8668
71142
33025
79859
63601
30309
20295
85285
51115
92791
12559
41815
29924
92922
75405
3080
80407
37191
34695
46232
61700
70606
90113
51890
93414
3385
33379
45447
93683
31566
9967
13567
89398
15373
17151
85493
85221
90058
49043
67368
57637
25293
9714
98112
51521
25218
15182
23692
31881
76850
27623
38638
48587
18072
10441
7394
51057
89277
53031
22351
55323
16209
22584
51271
45178
55573
43231
80621
99345
39424
83016
76189
12450
44949
61774
15885
18572
18371
37914
21880
17302
1
66454
24300
79161
91477
10995
86916
48328
81842
5217
50850
77343
51028
8363
41506
67427
86962
50999
2002
93195
2089
61626
2990
550
78704
20972
75894
48833
8906
95568
69055
33706
39540
1910
91251
25109
31246
54288
38348
98978
72818
10842
94239
71025
13380
25613
85074
30116
66247
50158
32815
59833
70109
82666
30007
26108
96686
89814
6031
90941
49706
39037
95178
74214
66069
7340
85402
8570
16576
95213
84184
4734
41226
81813
22464
22519
84722
37802
84108
72571
82882
28159
30322
66748
90984
47445
38422
96228
55164
90342
59029
27442
29079
87239
57526
19594
62755
71670
96242
22347
35660
80137
98974
21830
97856
33792
4555
77775
39243
89154
29977
69779
10860
82441
91488
96391
74462
95645
64253
22960
56983
74904
23653
60995
2109
20238
25990
75296
23203
27138
15783
29180
22239
12745
67900
72773
76595
9488
20515
69926
98581
19815
44051
70126
18619
61337
53002
12373
54653
66901
82990
37170
23823
389
4273
16314
21757
82282
961
54607
55550
66353
3155
93689
48338
99110
70419
19103
9540
73231
65957
65034
91030
67507
44864
80277
47029
61467
35291
82531
32251
4968
10543
19310
58758
40190
22283
64285
4358
2660
82052
21330
49267
91527
35209
4918
65659
23729
65128
9281
78046
16018
33773
64034
85737
18918
75069
60623
42633
37677
48033
56155
13979
13285
58289
54353
50631
70605
52690
23970
18680
97735
47291
43200
17354
5654
64533
26954
59036
18298
62333
6589
60796
20352
88543
89149
23764
50328
11388
87848
65647
32658
5315
73740
39483
58154
97355
30688
26727
56955
23960
79066
45978
11427
48862
30114
92945
80249
37995
50584
89282
57379
23557
52954
68470
76802
94221
68513
92391
11614
90472
24274
51997
85766
18484
10284
78156
60744
90719
99099
98193
60069
36090
80197
73494
8642
73879
89544
43029
26720
69019
28814
10878
21425
3534
95992
26554
93044
20717
71967
54734
42753
30763
53365
50511
92609
1620
34971
8159
79208
15371
10965
33380
80593
35734
10891
61661
27994
44826
3586
66027
41175
85357
29427
53593
15246
59668
53857
49562
74364
57774
38084
26380
44689
98040
33885
68269
19159
31368
82557
53400
85500
53681
28047
46942
16982
57436
84986
39024
75678
3261
46816
42873
98476
86767
6506
32216
50405
81523
70938
48812
92220
91607
60209
98668
85711
73636
43858
29236
78880
43122
94905
74480
80109
98521
4811
47690
61912
38781
91464
93553
13983
83997
29890
58273
57552
87004
85277
3933
20609
83773
358
8845
39681
22200
32214
65217
92084
47052
2599
47663
9881
88422
97894
38198
52229
17321
45873
63833
71927
12451
61853
36116
90667
74462
37067
90039
1011
4385
90757
29423
85187
76640
30241
76336
12122
84794
52842
49293
21201
74225
97267
19989
44149
92116
35089
26599
70959
91472
43543
23892
30381
78528
24087
31779
55940
14328
25235
88717
98290
47389
86625
15911
94679
5573
33360
54445
529
34888
34028
12789
91783
93707
48740
84655
94349
69630
27084
98114
19264
47180
78552
49211
76029
13085
68411
54562
80536
45980
20304
39322
56870
3198
36760
48394
28077
38174
15400
73639
45721
68926
78045
51259
90117
98403
29600
68341
98975
44063
60103
50784
26984
50503
88777
89827
62844
57119
67745
89953
54674
81550
4120
38445
92815
94440
27027
93818
56134
86977
41279
21740
53618
2765
49767
12998
57299
10609
68262
86257
62103
91243
89307
67967
31510
10630
68452
20872
61588
64671
18053
17071
28672
25926
54511
74184
14078
47702
14602
10064
77966
27272
71301
60008
91678
26493
46878
34706
35668
63707
77209
54046
8725
96120
84781
45535
62353
46661
82488
67311
30928
19096
89951
47607
13536
32761
78200
40819
61259
7971
96661
42683
94492
98175
62194
6088
65694
92649
32669
98328
15921
21341
56408
29827
21875
43768
86074
64550
57626
2651
88299
92253
23066
44255
59246
70341
2663
30306
88455
47836
55908
17605
44667
19710
82116
91578
5988
62715
22008
53664
45946
13635
22440
85554
35203
35205
50018
86405
74352
85500
57518
16187
16729
62312
85211
93896
60956
89904
13078
91102
88157
65687
12574
32657
3634
47049
75655
99056
37264
92761
77152
71462
57752
62597
30675
30858
65660
91663
1550
76463
57140
45211
63473
72347
72221
23511
16600
78939
54334
65088
68917
9505
52689
14677
88255
54069
41924
94944
28387
11726
70848
71965
76483
1783
16680
3327
97164
98112
87404
20452
28725
84757
74423
22796
4413
40951
39731
728
43412
4537
82947
80643
15604
97769
99308
34822
63613
39852
85228
52398
97401
66133
94056
44072
43297
38248
76973
37187
9788
59440
37720
43401
74773
297
98889
55849
77220
6529
88932
63101
76799
39714
19964
80310
37204
64139
15593
85652
47369
93404
28331
99269
49124
78037
32216
69797
38647
63174
70524
71440
72517
61616
92700
62173
33178
65356
48126
22144
80113
5145
66020
33385
26596
41833
12333
87938
85205
99281
32443
26060
13796
52206
794
57351
35617
99958
95232
46782
88155
93768
25426
19807
16968
41985
6447
13211
21956
13780
5265
81291
76337
93122
34755
77176
89492
17859
11691
12911
18946
9662
83300
61716
125
77862
69412
36706
78911
96763
65757
34696
36125
7503
22291
35156
79380
57
24018
90883
87956
50552
68814
47174
86731
82028
511
31277
36654
68918
50095
57518
30534
545
42714
86397
56105
77642
91760
30389
3098
91929
77371
64124
83020
27044
48380
28201
52409
43833
43059
75151
93530
83506
28081
46682
94543
83339
30803
73851
1390
10422
36455
76609
42329
87269
47227
84892
98985
30005
55864
35503
43169
66770
43136
81831
9389
68910
67667
39244
51969
76372
23605
57991
48258
24238
33058
61153
11346
51525
87281
72790
84669
82639
12862
21468
4294
86665
71266
31592
16191
92768
26811
45528
60310
88729
37635
96946
16019
46875
94948
5004
84128
8727
47144
14519
97931
46316
33997
41467
27293
70286
11229
2825
48771
94093
33144
99345
63513
69122
10442
65900
27332
22974
9167
89991
63158
67363
58591
27789
45831
77815
58006
70409
47369
43761
68899
38186
52553
33930
16872
77630
71154
6882
10303
7483
60762
25282
74089
63821
1724
75075
3482
61028
17559
78092
30521
55815
37509
32082
72673
78206
20113
4429
56391
79275
45735
57265
99703
43568
72782
94127
57306
23524
41506
37359
91479
348
56372
84116
69349
28544
95504
17737
36284
13163
56180
69074
64823
2403
79745
42986
97791
51969
20924
81800
86419
39640
88731
51809
2426
72971
67620
64600
11033
99133
37054
85605
20887
35891
29660
32159
50436
93578
70030
47990
87464
80949
62746
62277
4746
82294
74329
92129
36266
85208
54405
21227
22351
38038
53085
71948
26081
58338
85795
46716
43656
9941
89287
17258
14734
17025
83961
25495
17937
19861
27524
75498
20533
26652
39199
28591
44434
34026
30744
30879
27977
60414
4474
36158
58479
81916
24041
78416
97468
11414
7056
89110
14951
10609
78097
74184
40946
7495
68493
31279
57242
90113
70809
70586
70722
26223
50536
90145
65829
72297
67148
8874
19040
3611
31653
70419
72596
46664
92163
39222
84922
75009
19032
67814
46297
41596
26252
23529
20814
76996
27866
40350
40595
5701
11477
27565
42353
58562
9722
23279
46502
38884
79823
79647
17908
41436
85807
13594
70731
94530
80822
27014
83320
78535
5308
14668
34653
11444
24091
28029
21888
470
78880
20756
19556
64726
82507
45594
97556
93474
23317
47511
66431
96641
68362
44675
31575
97363
72762
98484
85620
98491
70157
68791
53622
95903
94470
33073
43729
13869
71360
4165
53266
79999
82507
33600
57176
67419
93066
5831
65481
74885
85193
99880
83513
84940
4383
59737
43193
50443
60419
67729
17982
13192
48271
80327
52267
56853
14087
96693
17587
62508
99193
17658
78386
41204
2924
64043
98256
41071
25281
59789
95684
99428
68338
92394
61938
64855
90572
28280
34359
54224
87394
80698
87974
91322
32101
84452
14778
93849
87135
58023
42524
80926
19336
60622
14797
1692
33639
26569
17299
15160
79132
78857
24382
63265
44433
48045
36732
88614
66718
89223
92862
20396
24423
33495
63364
26187
76453
9352
88632
11141
42445
98051
62981
13014
11074
86540
36796
52464
18701
87327
30767
49085
44838
6087
84012
29018
72902
40122
99364
6745
72175
32353
31557
29455
69039
64543
50838
10752
68820
63713
40486
55
46060
30395
52673
9873
10065
30784
69240
27040
49245
16497
86436
1784
97793
44313
84642
21957
72741
72413
93413
62741
7848
72482
24884
17964
92800
39013
32296
97733
88036
40448
6115
73954
70625
33957
98793
40489
46914
34079
77906
72320
76230
1961
50491
79178
67456
47016
87403
99120
35991
32311
69071
35710
7568
5562
27781
65113
78228
46088
7619
27077
45967
26596
58177
40405
49042
35895
40166
69784
1152
23082
50433
94450
89307
67397
31429
85614
20393
69053
10007
55155
94571
53109
14315
11908
96958
9466
733
49918
80760
5098
78247
1078
26876
3243
23491
63456
49924
61570
80768
77786
30177
31085
64582
50874
39755
45462
54303
54717
72196
91199
75968
48558
21838
60843
57411
92229
74861
77388
36843
92310
78036
31187
69210
12188
41839
98316
82310
21623
67117
17988
81695
96571
11345
31925
73838
23350
55538
49639
92307
64334
92737
31208
37299
51684
28236
55468
99647
74316
46435
42713
50147
20069
54693
46897
90627
12087
93092
42075
57307
17024
23091
71976
13447
76817
88064
87741
78390
99556
55660
13670
43821
64523
95295
43180
69781
84532
7065
92925
84507
50910
27319
84546
47495
50507
82766
47061
22172
47914
55565
94347
60913
88373
51214
61189
70024
48093
99056
46401
71968
15889
95968
31523
64431
72287
61225
90155
57803
43001
88144
86444
38020
34163
7457
62884
75402
15018
73269
54536
97321
75894
44568
501
8350
94962
3364
85139
71116
23106
85083
81317
4333
80415
5931
76166
3611
50038
24166
69600
39727
19402
76501
50499
55779
71463
12243
32120
55793
40634
80201
3579
37251
24537
2809
9744
20964
38869
79491
19863
26624
6449
4994
11964
65305
74592
9860
89045
91785
28015
91881
45711
15816
74707
21972
50544
4421
68353
44534
54392
62370
44861
40370
99670
68124
88137
42791
34250
86182
10211
80063
16206
39315
62662
10413
35762
339
73228
7898
32492
41610
18225
70159
76794
16637
861
36072
56510
34915
29156
67136
43113
40569
41958
54348
84026
12827
91382
24869
49122
55075
71869
97977
76641
28891
29816
34933
30925
32400
38399
62630
40774
72847
95409
77628
61433
71989
69579
79793
39905
38173
89257
47696
81288
25572
15954
89080
61543
96115
83399
80672
31684
30847
37418
56220
38494
64913
91142
45959
17876
68134
77335
58240
9648
52844
68916
45816
71979
52115
11127
91921
18523
18241
10428
33236
62854
11598
34795
78665
11002
73492
65542
8222
99593
75438
84027
74157
12102
46909
74952
83332
37162
9811
21854
2202
99635
35150
57881
70816
56355
82828
88348
99234
5538
93553
51964
5508
85863
51221
27562
76163
98221
95081
21030
99431
20597
29041
92147
40319
8569
32390
22739
45859
31552
40952
74458
83663
87801
37867
65654
37748
31184
39131
88607
40254
10279
72882
62629
43320
67294
71602
301
27160
53119
97027
68613
70660
38524
1143
74119
53643
50003
99180
33338
88003
40057
32921
93737
46172
77111
22703
80181
88277
24243
18647
65778
39948
50042
57573
94314
18327
66719
30487
91173
17551
36036
18285
39800
20271
41595
36478
68601
13405
87212
95264
48
90143
50308
84317
24485
2387
83433
80385
68674
35202
56813
93046
16695
48380
26087
94354
49484
79234
60420
16802
7980
29955
67948
10681
37286
56094
87996
99262
76203
24277
31135
51683
54086
54022
31814
96579
70305
78741
46524
49608
65392
36714
21945
20758
69815
82030
90108
65547
78424
98442
64501
59009
74500
22576
30782
40782
13778
9600
20896
74231
33347
34201
27637
52182
31938
10096
6675
88119
620
96435
14693
28696
71834
63424
7970
48456
9994
86078
59563
5137
30752
13570
9887
1195
37595
93557
24252
52174
3261
57348
70020
11459
58553
35998
376
32088
86949
56248
73820
7793
68709
26540
38229
30226
16449
27481
13965
43312
50193
93485
2574
12566
76040
89278
82409
32491
55223
75711
28223
68633
17371
69
62231
7691
8226
88314
54235
54630
47752
29562
2520
95127
18717
44974
97458
40381
58535
72429
29405
44338
96073
56987
55967
50609
34879
16916
7098
76879
23076
51299
608
81098
65685
49230
76339
84692
6717
26007
39336
15543
86319
10382
24767
99526
98515
37049
21194
12557
24844
71023
75402
86471
18741
62956
55608
40942
19704
9765
64097
58412
45341
81918
81041
57312
41848
13487
40297
67133
65762
53493
43917
7555
82687
40357
17626
6381
54674
26864
17174
60657
18410
35425
6484
36063
23439
73781
54041
15159
6908
32638
93273
64216
2305
27471
98976
99402
69498
64913
26475
81881
21136
49281
15765
57697
77242
58186
19639
61185
6311
66087
70644
48720
78799
61051
96352
42810
51589
59489
52411
26654
64744
17492
97043
99719
36430
77554
8842
29632
42343
58978
258
37462
23686
19267
76180
91159
53457
93921
54351
12983
85805
70851
16222
51447
4835
82461
83050
6940
59790
5996
7387
23508
14398
43035
79815
16202
49068
69283
93046
25590
98011
66307
52527
5458
36162
10329
56655
78596
11543
94096
18133
22743
61991
60944
2881
29074
2925
77286
38236
68229
91615
59370
82150
64003
97633
20486
47215
21901
32539
42454
16033
74201
66431
97362
21442
43787
9812
31886
33638
95903
91618
8072
32236
25033
64870
301
2865
79443
44417
10195
66505
3404
95617
83692
80663
92945
42002
92395
23834
9146
50072
87176
69116
39816
71600
50939
10186
4255
4839
2160
18161
18884
34985
57350
85937
94702
39051
92447
91299
69952
72763
75007
17521
57397
54154
48948
97295
24203
95345
84935
2613
70600
19922
62756
50872
34526
53257
11701
96339
21035
52486
71861
18317
78511
44265
90730
2294
62050
58585
50447
49561
17505
97126
88507
929
50682
24675
9926
1897
48047
30387
84272
90822
63575
14486
25142
26408
95497
13805
9812
38565
62606
68818
94787
10898
80144
47611
23138
2963
58947
79364
15377
584
69446
89358
23936
14758
23952
6115
63410
24748
8394
10703
56598
97824
69287
30679
40728
29613
55629
90370
84570
20533
3642
38063
21439
71422
41957
11213
97518
45346
94133
54785
89639
98423
29329
67437
94520
32635
66558
72079
80010
44577
83513
91997
42432
5719
36300
43789
26864
45510
25414
76331
77581
70048
95505
64115
32451
64516
47710
72346
4459
31028
54604
46705
55278
59415
66563
14064
95473
93142
68312
59499
38692
82107
50060
8037
41341
19609
25290
26607
23442
60983
62095
8121
4258
5335
95789
11546
54924
1352
86779
4094
60546
26719
64420
92742
70283
29775
98730
9692
83206
33082
41110
23797
57552
53555
31749
19577
40902
75452
2924
34220
1271
53358
69632
53044
6192
86772
27293
2847
10517
81558
91497
81821
96858
59337
81506
45262
90572
11811
11833
19881
21830
48726
54066
46138
38264
66149
11153
12082
49348
55580
12379
40499
59565
71366
94742
56346
75047
55813
33603
33221
9440
5936
81180
6889
43306
47087
10534
19746
19354
44380
4705
43884
27985
51540
94514
72798
94534
28244
79361
47566
35333
17688
53205
95627
89485
42121
86859
14205
58825
64247
27983
96715
2017
85606
23530
45250
10432
91158
7410
25357
48140
8279
21716
20340
26452
43071
76109
6671
98343
28158
66721
86272
59689
45075
67728
89605
8371
47031
43596
68806
89785
6232
64820
50453
17099
58100
32302
53889
80473
64584
8201
13972
37208
62383
89917
10667
7470
88216
51555
49220
18932
86195
85687
60426
39956
99584
57712
52134
38887
28045
81249
59721
4493
92135
72466
7028
89960
89079
95044
63023
10487
66251
41887
84121
41961
4043
21554
16041
50320
84589
69605
7756
29115
44318
68494
83444
7065
73744
6203
94223
20533
3302
88979
54196
9029
2942
1268
5000
81844
35556
54841
84400
86483
45515
36886
60116
12817
64919
56166
47753
50215
15301
78005
44510
79319
96864
46758
23454
86378
30800
39944
10222
55593
14293
63352
36537
33277
82080
70149
26405
74685
15687
71146
36889
606
42456
87243
51602
13506
74506
86505
64661
28265
3411
10203
26885
24182
27268
43901
1448
39254
14130
17180
51757
41845
3200
40779
44314
88644
47620
24237
64303
11706
12624
28876
9313
25284
43010
43134
2666
4348
39127
40067
19376
47513
83818
4326
1057
75694
45275
33319
47414
32479
48890
76138
35303
41645
64469
74164
6487
35637
26609
14217
46616
18754
84223
10963
30051
61505
52676
41874
53688
85219
43392
2562
45212
47011
37480
33537
36021
96478
98715
10653
13638
24083
83912
67769
97674
63043
27640
74104
46765
95046
92090
82840
88417
55200
79916
3510
64181
74054
97265
36275
49571
40861
42215
87287
34337
460
31472
52118
62618
18147
17695
7367
66688
66945
43310
69024
39018
91109
55043
93877
51232
18806
56770
14217
60610
65285
66410
21335
38163
48855
72422
73429
80294
45076
76881
10139
97379
73565
96865
85572
96327
24006
3278
53841
28300
87647
78668
39967
92441
16376
87746
5166
33977
51610
52814
9080
81624
24441
22361
33939
76208
94919
9986
16323
90283
37847
87834
30318
407
26451
69683
57022
87924
44843
19843
58502
32886
4074
50304
53576
57475
58948
17526
6560
53568
49131
14682
28789
34999
9339
78054
30477
84863
73078
39067
89512
61424
29504
33760
5363
18303
56060
28908
6115
29862
53783
21461
34310
853
51174
48315
67729
49177
433
67663
89596
61822
30277
60839
55810
59026
9527
59036
84287
67113
62832
60621
14167
10164
46838
20469
85588
85866
83684
81387
22371
72551
15869
89592
22947
91668
10254
17331
97962
19381
88665
33019
6888
27903
22023
19353
91251
24289
46356
44719
66750
18064
89695
4330
2924
6117
86312
81092
76324
98955
62605
35302
32975
50021
13973
85780
65931
19351
47049
91106
72111
94034
63246
54877
15672
32764
46417
87041
88646
50827
89282
93542
82246
19384
83091
47038
39294
82310
50303
61383
47749
81519
45506
63686
74527
97442
47366
71857
35461
45774
57877
73483
38893
78313
12644
73831
56227
56684
76770
87692
73525
59099
65672
96065
89777
11494
50666
95730
66266
62270
41493
47527
16769
58067
30831
12362
33378
41078
19211
21174
33429
64820
22767
20205
51265
6965
27274
82360
11331
72404
45194
40700
39684
70375
71688
61666
24135
52023
19350
96522
60017
17807
16571
25600
76823
31853
69207
50295
20078
32442
31300
12194
9325
26879
79823
11609
7031
77715
60627
17136
23642
95809
28301
49891
15826
60013
42145
32563
33674
76088
85688
15171
51878
49705
21108
26681
39256
53332
50576
2851
75115
38735
64607
59528
34939
65373
22554
75192
4559
75182
72956
7447
84621
41474
16378
85761
85222
5354
80099
30988
44798
25163
22628
40971
46974
3139
27329
81923
86314
47011
81639
72407
90005
3690
11359
8900
86941
56207
27080
77868
11071
27201
38264
20799
9211
33624
28737
95435
80179
14709
60754
19946
13158
24973
14342
82036
46266
88592
67834
11536
66078
15875
48184
21428
70185
49027
68278
96778
74785
92464
42126
30417
65840
25471
56157
65628
58058
27590
20040
23319
46288
33771
59081
8190
45741
90934
80987
57239
42804
62892
97013
77099
35491
5043
51938
96822
53097
76517
11654
43467
50123
75031
17399
89244
44203
63654
16485
32452
51204
54807
58764
84046
14139
42159
39849
25514
16080
14003
71362
25628
84984
73592
75824
55794
18724
61405
24293
79102
37757
52169
49525
41912
93743
86482
64748
36781
99351
61781
75833
54899
57077
46472
52156
10050
78500
9009
47624
24752
86708
88004
23017
95008
7667
36532
57619
73742
48123
99618
1437
67124
13341
65454
43480
41860
18836
70643
20833
25038
70316
84246
79438
2091
44766
10837
73698
96846
84606
94321
7255
85466
89834
18082
28404
18665
46381
27339
30958
47568
19774
89887
16275
96614
43293
50820
78120
26438
76533
61074
98980
42150
72435
52028
46558
20521
80212
47182
60557
12850
41432
13613
61168
60693
44832
56908
20434
41569
34618
25477
98163
14875
88697
48799
51590
4423
59573
19080
89655
71845
14792
42462
17007
54404
43280
25345
83412
41362
84874
45698
33231
24564
16698
1329
91158
93644
77902
1529
12894
53143
24003
79709
64886
7492
61597
72148
47827
65991
20263
3485
33343
80380
90565
99351
52577
1215
32488
26390
43911
1656
78494
36705
41684
64301
93958
68885
66203
99919
8605
43132
80643
30880
72154
56339
42069
4625
29150
36784
24369
39478
55037
55130
7479
89743
95139
44332
50332
38116
87248
84970
38907
7676
41752
91283
67601
57387
77830
51121
24934
66495
86518
1671
77424
43135
14834
58719
89949
528
39971
49849
71265
32595
69998
89863
97104
29841
89906
66315
95761
16917
3550
27482
79382
2927
23391
73236
80166
87308
29834
29407
31092
73132
66230
90593
70842
52859
65766
66062
65043
26917
56922
83221
46458
10212
36927
75468
87614
12475
72467
64282
652
90226
26122
76946
42016
64493
86013
15762
2951
61984
17347
50167
46553
34296
62946
49789
18567
92256
90655
35339
65397
63599
28077
10094
37814
73662
92376
33403
7058
7748
29270
70233
64406
46167
2788
94139
27104
62136
8511
67939
94892
47193
72075
43172
25256
49270
8986
41937
83837
1913
41373
69833
85717
15674
7815
51701
42858
79221
14374
80559
39040
17763
94841
16765
68996
86241
62825
41747
19772
85095
64774
26562
32293
75282
62554
88891
807
85510
34165
88818
26641
91731
2452
70460
62900
9583
27104
75971
89627
95659
43768
38017
5329
31020
77463
86181
93981
74737
4374
95382
68262
95706
83085
57098
56865
53237
62613
81938
64336
94241
61626
39333
44
10775
173
72228
2332
24878
77112
16440
60287
10495
47184
20825
61346
20264
23985
35043
13438
10837
726
5276
23119
29857
93994
82836
51899
4457
18001
62401
90214
45027
73163
91448
23961
49893
78983
67693
17174
8422
84522
64150
22770
9120
66191
57372
49159
38208
29797
72286
36586
61696
67480
47630
16554
19723
10656
91964
66977
46780
67892
16416
18569
39039
50505
78946
5430
54019
67372
96703
14435
81452
92814
52608
94053
5736
83815
82111
92742
52425
87525
43567
442
13025
30756
48372
40783
61486
17277
56290
70852
19676
83409
40297
39804
71565
59719
26888
90995
17092
84503
78391
75612
39572
64346
94420
19901
28161
46689
2020
35958
22303
19960
70105
85102
52695
13265
77345
95036
19083
9546
62316
79357
80460
62012
71292
41539
30564
46661
48982
28327
71191
22848
75785
59946
65263
57778
36947
31826
55404
42771
36117
24938
15604
14781
89311
40686
21931
29425
86920
98810
65434
67125
47708
73504
82192
5321
23387
61951
42548
80933
93393
10088
37491
36450
48289
70566
6644
89773
97176
38030
79932
76364
95034
9276
93063
31232
17810
45459
48044
97159
45778
11245
74358
2329
87610
52115
61492
71238
53756
22344
24773
30101
67057
83511
99447
16750
50224
48347
44976
95875
6465
42841
39148
85798
32599
25407
34949
90990
61823
83509
40063
12969
13169
46135
64825
51955
93654
95319
49453
86179
46750
71222
12712
42308
94353
2594
51514
89171
44272
55209
61691
84909
98836
3453
61311
80084
25633
71675
12268
11681
89686
49483
25619
34322
71638
355
22311
83179
37819
67246
38827
79633
15028
28623
35379
77413
83182
25352
39498
49124
50869
43713
98491
22022
72960
31102
95813
2518
87776
1771
35194
30581
29663
6273
59996
49892
13067
15549
76540
36527
39489
28562
85249
11866
48780
38791
79331
58243
9444
23259
98378
3725
30719
13218
86118
11649
65675
48968
52717
27489
8978
39239
69190
77031
48837
58779
90050
90438
36379
82404
9708
32605
48778
1331
79248
67777
34466
46834
28588
5440
81359
89304
82017
17281
71498
58894
66689
56251
71312
28640
30612
28725
74483
66350
72924
26092
5025
68572
77799
59598
65773
9567
80331
80428
41699
55644
23319
8661
13575
90921
39221
97827
61886
15439
17116
79916
77832
73521
53392
57561
70991
16233
92281
36685
81286
89898
24421
32444
24479
9860
80555
88197
90521
87317
26604
15703
97052
83682
60397
34505
36272
21249
40911
9609
27291
52881
38725
85502
2231
59992
80105
1410
47579
14368
75850
64314
73403
56532
85951
8996
46412
2673
85627
84409
79114
82535
95066
99861
47799
82068
90138
11315
64788
28508
85755
56752
96234
69144
72154
66613
72884
74941
93937
39506
70521
65907
25148
69985
52683
61738
32585
55079
37906
41864
97335
23805
30060
98414
79593
97243
37131
84003
16823
10442
97317
28303
76576
63120
53608
57649
66774
88408
75610
76027
55179
50630
80994
67093
36543
79023
85907
31158
88249
19654
99415
10931
49588
57699
8651
62771
75576
73818
571
58812
14322
6887
33716
1848
47384
65296
93589
91391
81621
29713
70230
13032
83274
41162
34394
93375
40394
99433
87546
68222
48901
68781
58628
99398
21685
65463
94479
34627
33461
64291
5685
39827
20264
52042
37771
13846
71525
30891
56381
35451
3300
35244
3847
31110
82800
36711
85584
28036
21727
35272
23967
16239
18799
58209
70377
89097
57582
39780
7518
9575
43798
35760
62544
3882
27612
70957
50906
12191
49246
17741
91958
49193
68508
36282
93037
21905
11137
97876
74695
91217
28931
33232
6738
84886
7117
93856
91009
77408
76188
85346
95496
29022
99306
34576
39692
87093
48595
2890
13223
58735
60523
37866
1074
70077
97899
65666
23383
95777
34034
49402
65650
78278
93838
99870
44367
54174
47133
90108
27916
56907
43936
23968
94452
73518
29149
69808
20280
84556
71450
46478
99578
18743
76728
82022
72791
13669
59024
12758
70551
52626
47545
36344
21388
71436
89134
17298
25993
85935
60873
58955
82845
20337
28261
39073
34130
84441
70875
9953
85476
25642
24130
87851
49975
68098
21563
5421
90059
17208
41379
80179
62744
31028
51155
73
3977
2593
20956
96518
5575
51380
38841
4998
74832
2476
22588
43369
66304
96097
34989
29051
17359
90533
98289
56617
7255
2479
17377
18264
97459
60458
15950
62097
18861
41394
16315
55981
44361
58225
76697
9932
16034
21750
94462
73699
63132
71989
41138
67551
56371
3146
29458
40777
77924
15872
48580
16999
71801
16668
11650
67576
95120
1066
70723
15644
95490
34574
69621
59198
12543
32345
80870
22086
93959
30036
97425
25438
49787
40670
50179
89365
78109
34342
64468
2234
54989
87227
50967
57586
11772
47271
68690
34673
63348
78398
29342
13307
23594
34063
59125
11751
58164
25699
47277
68304
8524
3286
77614
73533
4714
25153
7314
11771
84308
36312
3009
95919
46720
16631
85995
44141
13633
43516
48015
69006
85143
61207
34316
63039
24728
8887
10427
32844
95787
45999
2557
91071
92883
45926
91890
38437
24356
42531
65217
84332
71704
12216
66444
64174
89334
22097
26519
99836
93926
82611
71459
31203
89293
72574
90001
81462
86340
62116
50541
82932
31112
7993
60844
39559
97561
68560
52938
70710
69925
43081
87958
17570
67469
31476
92160
45938
63370
32225
82210
94
38611
15489
22069
6087
25013
24105
72882
47270
76883
68484
82401
12299
13182
88896
80100
47094
46582
16797
88839
65993
95034
31225
80436
82535
73437
81235
40259
77093
45715
17593
64168
73712
85671
99142
38762
77290
5367
74984
64554
90428
26835
86837
71103
40603
67101
71892
80394
35612
26957
4699
60654
99479
19627
73445
28217
31030
42342
57623
58971
88064
28033
81398
61880
26697
33233
72081
40869
74281
78190
8058
71117
59500
41374
98516
4301
38367
92317
61656
8033
16833
51438
87178
94098
8615
13789
34487
12294
52328
51312
91278
65685
84441
37956
78188
54639
63396
54000
7412
14583
29469
29866
41435
32516
24759
19223
17709
75635
40795
65047
89384
49496
37599
14840
90771
72328
89135
29144
91842
77839
2915
30049
31981
97644
16312
85341
63324
64238
13217
4931
13652
46619
56169
71346
55070
85194
41790
84994
63226
49762
48926
14686
71327
21411
95864
63185
6722
31453
36806
80702
22130
85196
84657
61863
82664
43941
27706
81450
17971
50467
56333
68009
98738
49612
27766
44900
621
66005
54073
5278
53673
19530
72870
95623
74935
37354
60074
88105
40284
15260
88147
84317
68975
47169
58864
34825
16076
26639
3137
48139
10194
67115
33503
47024
53563
28466
89450
83524
78510
6831
74457
68096
54805
59220
14711
99514
5012
93077
985
72951
46058
35486
75168
19657
58854
72496
62798
74398
11909
66970
40747
70255
87801
82819
60656
57665
65252
19099
5171
98833
47271
51371
75165
60664
36164
671
59452
51280
18082
81429
41576
78789
66367
5597
40635
31275
27863
22412
66161
72109
6599
33972
92765
91244
86304
62997
88492
32892
65293
59368
72590
96126
23654
23973
29659
19879
14556
46004
49492
94733
48155
33564
22463
14609
955
53957
65621
89074
34300
71148
58926
45039
79528
83563
42289
23870
88577
97836
46975
39655
66973
81942
54919
56942
38840
37720
63908
6117
98985
61555
85966
12487
74224
15514
55194
98275
15514
92298
85353
60124
87906
28759
23879
56827
13939
39580
18128
93270
59360
11952
9707
78939
2815
5107
28334
22012
61020
35212
29927
61443
31119
48856
97726
6217
83503
1087
14587
75392
95995
52996
17534
17264
1560
71177
13410
34669
91539
99340
48972
20792
27841
92812
3960
4749
90630
65812
3479
52734
73257
14280
26429
93385
84968
91443
99780
21076
28522
84034
86893
77654
50463
23614
19685
66458
2119
93821
71069
10268
7876
97193
11557
10031
45816
68835
38192
35440
70807
55830
8424
61371
47873
21358
38354
24640
26450
52233
31616
4643
21314
51791
45616
60808
75569
28613
45694
78419
30938
10876
74686
6177
75688
56266
11589
84768
4658
29648
61645
71541
86947
87934
78297
50683
2973
5418
28484
13085
30407
7452
45434
40744
27669
48210
50681
33681
62979
19403
33930
28650
57513
63864
52209
27855
69640
21302
70080
52942
85029
30694
78796
46440
67425
76001
90696
25192
30414
63721
55988
42275
11801
44045
36863
67424
94830
21438
34423
81485
14842
22150
57392
35943
37433
65587
29395
83081
20350
32056
28167
65578
66234
43844
45191
24013
25596
20772
70932
4381
70836
30815
47614
9031
6436
88642
1310
44151
51312
43471
71951
40922
74098
75969
29756
36876
55532
54169
9866
17389
99367
8461
96036
34340
19457
67100
95361
78770
48509
27666
85893
13702
88897
89619
51638
3229
64394
30789
43852
63914
73365
81791
76229
67152
98783
63145
80667
59335
48863
38349
71413
15657
69634
50192
24630
92964
62510
68913
73520
30616
33271
33541
1527
25927
69086
59604
31514
22031
77984
66643
43523
89964
22844
35588
27250
7636
62825
29839
39585
31951
38093
82284
24531
46790
86248
26495
42494
82317
38948
69839
43379
23394
56033
26064
47814
80929
81764
44134
52822
13297
60514
12842
48565
82016
95121
23991
30190
84639
15923
41672
46070
59492
44422
44503
95011
23099
46398
28394
96012
61236
44575
41234
33786
79086
76289
27017
89524
63019
45486
56546
97888
58217
12994
98921
88835
24358
55082
85475
61938
44056
40578
3486
97031
38780
81591
24349
43892
75487
320
78169
66835
54362
36556
27277
34958
4902
82490
35614
87137
85904
8178
8213
274
18376
87490
37011
14732
49691
77555
735
18928
8461
68
71506
47618
66852
1887
83709
85550
26508
30586
790
19253
63376
24109
52316
58136
13236
50272
27179
84659
39237
82442
95867
87601
50751
90306
21071
99675
16860
10034
49514
48869
77778
90144
31089
23310
42597
43508
15057
93202
30067
49753
64499
30220
35016
45704
54004
74446
5518
13793
12362
30633
33740
96184
75320
20097
33134
50015
51046
7230
93548
94969
58704
74091
83935
6334
13684
25745
86692
19046
7575
28830
22200
81481
19057
35322
58946
4800
66980
74542
18647
33823
56704
28579
93493
10327
64478
20761
36075
39672
78043
56636
47816
47813
10757
13237
95316
50360
21280
8930
59245
39989
90970
29214
13363
42515
18363
73629
78131
62626
7845
80768
70720
74299
37993
78901
75356
35271
47835
35239
79113
79733
81904
62353
42805
54688
19104
44316
8770
94755
52784
102
88354
54967
95902
4760
70637
82110
37614
8915
70580
48850
47025
7431
40292
2859
2149
9586
10566
50357
98333
12084
34148
80219
34769
57392
14446
20026
20253
42522
14822
17755
8990
68416
53802
45432
80537
95442
46413
19802
28226
15456
94961
4018
28402
9316
77075
29014
21684
72838
79742
2895
7416
49574
42371
81949
12656
33077
74931
23396
37276
90798
66747
30986
72500
95811
52148
52604
77864
2951
57425
85695
8243
72533
46504
278
79985
50241
1228
90740
48059
73640
43499
73004
68817
4917
15974
97634
24842
87728
50132
49684
52671
72248
42674
23792
60092
18043
19347
56688
78269
21003
9722
30750
32194
14934
27843
50929
43995
32212
87819
65406
59220
95989
55682
9241
25717
32393
73019
33106
66160
72637
64086
93736
60136
87824
45014
41519
73276
30410
57681
16906
8546
12855
69186
15631
63770
82849
45624
72832
35733
25830
51612
49192
19659
49364
72983
76974
59378
95631
49506
47465
16396
22595
47314
7349
89794
89899
38565
84101
23432
2213
83297
65997
27843
1589
94026
7983
26763
48728
72255
303
24823
89176
6185
54735
16848
13660
12103
89046
10339
98043
21427
54877
66953
38192
4383
78497
67974
76023
47389
32496
76530
44509
82236
66781
79094
15037
70784
23768
11847
13677
34165
55329
35639
92475
65664
75660
43497
60766
95678
53362
90851
2576
71754
33276
68728
84084
2268
62672
98058
32814
76023
38170
9736
80303
24698
66366
80410
90108
92735
16925
3046
4473
86104
95794
24669
87613
67531
62072
41634
12534
84225
95670
18077
84526
21976
41026
22151
14801
88647
22027
37591
22514
89110
39344
76159
32845
83408
56176
92789
89640
19972
92054
42112
38309
91439
88832
23533
95412
78134
53054
96473
89724
37385
73324
53298
35894
75154
57083
66700
45780
78867
21645
75570
87983
61384
59285
88471
85349
659
83203
67088
42924
2746
32429
18696
254
52232
85577
72642
65900
49704
99811
66176
81813
82138
87776
51400
14346
26444
62957
44681
41327
70078
49420
73129
86939
68881
31111
19624
37681
57708
90904
54642
56707
79215
96393
4453
49211
41138
18791
24519
58046
91031
19898
76113
28492
72280
2715
70991
53118
65601
64747
85592
79454
8239
64510
26204
31464
2549
8510
74712
58487
6915
50017
46099
99632
72225
51325
48040
71221
3876
91387
17298
78589
22186
89293
92264
60181
35860
71722
93492
53891
1575
35341
41849
79935
13113
56443
17416
95274
50076
39915
52012
66785
3703
24
79672
27787
45061
49302
4083
15523
89171
67271
79585
60549
91758
29999
73064
94354
48451
26232
37895
80485
8595
71312
44313
55611
13246
3468
53916
36373
37676
79467
96278
93879
86612
97996
95258
87337
20657
27061
47776
68527
60489
91297
83235
7077
3179
15918
45309
57229
98490
48652
99002
3665
39025
26787
23035
72331
86949
33406
36738
22203
52660
74718
51146
15797
98555
16911
65119
41774
83999
33731
16884
37645
68327
43705
34721
19029
68783
28623
76585
89552
36255
26223
73880
82240
45606
17913
76798
72622
47996
50545
63478
97098
23614
27545
97810
78575
59633
54601
90207
85687
66360
6059
9607
15821
59774
91413
47856
89023
59062
39542
18903
39461
94418
70299
58329
39848
6894
56998
89448
89766
41620
18278
13868
55426
69128
39336
63768
23553
14859
39444
31098
43516
16614
36085
55169
68086
67805
60991
28606
4294
65956
39887
79881
94320
526
18427
30098
47233
29406
22062
16463
43496
56436
9755
99622
47408
6559
73509
42468
29969
93669
10192
23749
6790
68266
70175
22753
68996
66889
98079
62635
78299
70769
81608
1048
52174
70089
5888
50133
18780
95493
27837
70492
73249
8929
34640
65682
45600
751
89353
2337
41550
65722
38045
67719
59893
76781
93824
40304
47000
19071
84485
3444
67182
57126
21676
52301
91895
39603
94569
96716
36794
97821
88916
82113
82530
85157
11233
14830
13436
33953
5168
88297
85667
69454
33822
94198
41625
26242
2319
92693
31547
58821
70964
58875
80121
21813
66572
94209
17049
57257
81144
86825
62166
75299
928
25748
5911
66507
12223
3100
70874
88407
29128
75760
34479
36659
69432
35483
41521
66
43648
42904
20578
47905
99596
9952
19715
10727
49370
35606
79539
94751
70937
40342
31011
70235
46708
37288
49142
26832
61947
67543
25186
17142
8658
18296
81097
19120
90550
95735
52892
50721
17466
73236
7140
45618
38249
60657
50648
18421
10026
72773
52531
78791
96005
61743
32227
46669
31476
60636
44763
84175
25435
25641
29137
85216
74672
69297
26611
87415
84660
53453
21531
96333
22536
70426
80224
51879
49309
36055
31615
63820
38508
14818
74317
76687
30970
52943
75703
37359
62755
59486
54688
91488
12672
25281
15044
18815
2220
24399
40434
11226
64510
82422
34117
91318
62647
59686
63629
51047
60388
79725
74527
98810
64655
52121
93295
26549
38673
54810
90799
15807
98170
98208
29808
40947
89980
70687
78020
45441
40904
67212
21574
96690
12556
19315
81090
87460
322
68683
25338
88338
36664
19483
73149
70177
81513
2004
34657
77317
24028
3918
5730
10167
98377
70246
59518
75286
66810
16368
58650
55068
20523
88607
42328
50702
92492
18531
91670
35568
92650
18414
64158
2710
70254
3487
17426
51274
15838
40473
69729
59947
47270
41615
14748
25840
54329
2375
14845
60762
38790
41606
5383
4625
72042
66351
82978
19897
23959
94210
39856
28395
42945
77797
75273
30565
89256
3017
48285
42910
78631
73864
76541
33786
60288
75326
95761
64696
84576
86672
95389
92757
44353
61026
90494
64268
9859
83523
27651
56769
84178
90446
48857
6970
7916
59873
30034
95621
30083
1012
39432
7947
94740
22301
96527
28639
72281
91786
45687
40623
23033
41283
83295
84841
69359
4298
98071
80658
36789
50247
26641
90193
31282
25163
44883
66327
46576
37829
40974
99588
55195
62731
38731
33401
20325
95971
97154
43175
89925
67900
74026
17939
42272
44829
79406
88090
15150
95432
41734
50232
11342
1899
27386
28335
1806
9306
65486
96453
70447
87488
18630
36156
87258
52431
16738
86578
29065
62853
42780
21279
2374
19516
95797
35706
50006
77901
1123
25619
59358
60300
90426
44167
53776
30496
98262
81981
76346
89574
52713
40979
54512
83130
82812
30455
12295
21126
97716
16844
99106
15579
53720
25469
12903
2607
91770
87202
27109
13079
95611
61082
92227
71083
57120
26912
14885
37443
45087
87071
65308
8645
89964
19791
4767
72781
3007
28469
27076
44329
47428
15463
92369
57451
87849
7639
41305
29385
32743
97542
98285
78586
9875
49599
53889
65006
57387
27671
38112
763
17625
46653
277
91284
55474
96522
79172
63785
12521
93850
75259
48541
66740
97057
15138
75279
31429
96439
56526
93441
40809
17179
35685
89785
98417
15581
69588
9897
23967
14577
40291
94965
87888
26767
63991
64510
52653
36287
40328
97449
39742
66857
65807
60998
64296
7432
34438
58395
29930
46729
25243
5949
75338
46599
95452
35074
280
44971
58978
61053
63027
37219
78803
49095
50737
10120
56445
87901
26261
87484
33528
16296
38835
32983
91982
67691
12574
99321
33521
86083
73955
58883
30822
91218
58746
81974
17813
71820
50943
49273
99850
73317
87714
57173
46656
9736
12386
9982
63151
36886
40045
49828
70317
11605
66479
53763
57694
77175
36422
2104
4820
64606
9441
75459
48639
4256
81701
4993
18152
74254
77964
81223
54041
61088
79778
74652
52863
8105
6134
29186
527
86371
23173
10616
40952
79579
18692
68129
58491
54664
37899
34127
89992
62709
25660
86381
30071
9627
11776
42190
49193
30951
25243
2646
44085
43800
4702
76093
29591
14901
90080
70736
26704
95088
61851
49312
41950
93604
56247
94971
85593
52388
4824
47327
26597
83264
39977
92703
79504
92744
57879
43201
48967
69151
5903
99636
22850
96515
14809
119
21007
46106
58168
21484
74548
8660
13775
17486
28457
50121
58699
74231
63303
3093
32001
79684
55883
75949
33754
4759
21825
93059
80128
48824
67069
88264
27093
78334
81936
28068
40036
26820
7732
52066
19026
67413
53486
73445
28355
86019
80552
97945
26033
57732
85187
19976
79232
94369
89062
63988
52576
40390
27968
62023
32166
13617
64235
75998
56525
66393
92139
45324
31772
2698
91034
74863
88641
78294
88057
79994
55826
54022
39629
48991
82063
554
48764
94553
9747
62539
70870
24522
89794
98002
19403
92051
77808
83637
80533
81511
35372
95284
11824
6119
75599
33711
80358
10749
71056
12357
86922
85367
84227
3266
52398
35697
80561
93702
30640
47502
41425
98877
40101
40090
61578
14958
79482
12358
71056
64471
79992
20461
30012
50041
93448
15517
18829
74346
52763
76954
2652
8995
36226
29935
15497
20457
39552
11867
5071
43061
90525
53630
12316
48164
33844
26869
36178
41481
72133
24554
83991
87153
3483
67870
55712
70093
10807
62341
76526
43539
21092
48024
91606
12221
87282
9583
92981
51381
84864
1922
22524
48796
2691
13307
96099
83373
12645
50482
75856
37872
7892
95016
92096
14927
37662
54475
6132
67059
38743
87826
17714
29336
62833
87729
84034
96042
91315
12807
1842
86880
79943
97166
3426
55550
11434
88454
78422
7792
76316
13533
77800
11958
2552
63225
20366
86141
96925
59435
72868
62373
11741
97627
18110
74436
36639
95403
24983
62390
27232
8436
85935
24194
69384
97509
88229
60139
78495
42465
49632
65881
42324
47366
5981
78165
83162
94369
98187
50446
73990
50984
84324
84454
83851
36842
10784
64580
82780
48300
82756
82449
76021
667
20290
24493
7939
44933
82494
4194
39545
68551
12115
589
82655
56426
51841
44369
53790
45188
24743
83809
76061
84420
81372
50689
35902
97624
10605
73227
24105
79428
81676
66619
40568
97175
19558
20582
46811
15371
49302
53439
81081
68883
83429
97553
87115
59597
63720
44451
62024
32311
20436
97536
91286
63759
68113
91040
64888
60202
42728
46836
18239
26853
43236
61747
89764
19980
63388
66239
26996
56649
38222
26412
98625
32115
75029
72899
22731
548
44463
34854
76466
54393
91782
97458
57534
10330
42113
59905
54093
86028
61874
49752
8747
43321
67107
15355
9179
72753
59569
60755
46870
73866
27235
6168
87105
91060
76555
91130
71879
54745
7994
60942
65585
12406
22273
306
38088
88323
60335
7910
42050
29564
27272
98593
56298
53067
16084
79881
45275
71649
8845
61736
9286
51542
56634
57481
92854
53237
12058
93170
36130
7082
88300
18245
62504
5869
70916
66070
51835
20422
39193
79031
34915
36430
37496
44894
49131
24084
71406
48193
87514
56988
42753
2246
64509
48752
98657
82387
70427
14058
83068
76891
81243
45593
42185
8853
94109
72554
20804
25141
87860
56704
89173
70219
93220
48309
69870
21322
56699
12480
29924
5819
91764
67089
35954
66565
80439
36009
89807
92886
48449
68345
86489
49354
94934
75468
21396
70867
80816
30106
32166
74476
65447
99469
75513
61220
97334
87518
18927
80267
88900
31348
71877
39971
25888
25581
21928
69854
71071
98588
61484
54872
33949
77467
32266
63499
59790
38600
46592
86465
73459
41089
87140
16747
26359
52545
93276
28655
36783
28231
35838
81443
49187
64672
53806
136
24092
8611
75336
32866
36983
23308
96964
22610
6396
36997
35925
97289
87840
15698
74864
88148
11454
97814
185
68743
57593
69756
18337
84880
881
56436
14843
97999
35956
89023
61308
59763
24783
2831
71642
94264
56216
57441
11113
62203
23595
29446
35269
7363
43320
11915
59415
40202
96679
44372
45336
70092
3007
19950
85159
91692
37475
24907
55625
33280
54867
92937
13183
37661
91037
92486
37441
18164
44476
79823
43684
25401
61530
33440
60188
96566
63772
21845
91349
91784
98140
47739
35267
87938
50332
70793
89857
88943
88084
55703
72400
25626
37998
84839
42107
68124
98403
66453
97282
85983
31499